    0.000  -10.000   -7.500   -5.000   -2.500    0.000    2.500    5.000    7.500   10.000
 -20.000  -0.01495  -0.01124  -0.00750  -0.00376  -0.00000   0.00376   0.00750   0.01124   0.01495
 -17.500  -0.01495  -0.01124  -0.00750  -0.00376  -0.00000   0.00376   0.00750   0.01124   0.01495
 -15.000  -0.01495  -0.01124  -0.00750  -0.00376  -0.00000   0.00376   0.00750   0.01124   0.01495
 -12.500  -0.01495  -0.01124  -0.00750  -0.00376   0.00000   0.00376   0.00750   0.01124   0.01495
 -10.000  -0.01495  -0.01124  -0.00750  -0.00376   0.00000   0.00376   0.00750   0.01124   0.01495
  -7.500  -0.01495  -0.01124  -0.00750  -0.00376  -0.00000   0.00376   0.00750   0.01124   0.01495
  -5.000  -0.01495  -0.01124  -0.00750  -0.00376   0.00000   0.00376   0.00750   0.01124   0.01495
  -2.500  -0.01495  -0.01124  -0.00750  -0.00376  -0.00000   0.00376   0.00750   0.01124   0.01495
   0.000  -0.01495  -0.01124  -0.00750  -0.00376   0.00000   0.00376   0.00750   0.01124   0.01495
   2.500  -0.01495  -0.01124  -0.00750  -0.00376   0.00000   0.00376   0.00750   0.01124   0.01495
   5.000  -0.01495  -0.01124  -0.00750  -0.00376  -0.00000   0.00376   0.00750   0.01124   0.01495
   7.500  -0.01495  -0.01124  -0.00750  -0.00376  -0.00000   0.00376   0.00750   0.01124   0.01495
  10.000  -0.01495  -0.01124  -0.00750  -0.00376   0.00000   0.00376   0.00750   0.01124   0.01495
  12.500  -0.01495  -0.01124  -0.00750  -0.00376  -0.00000   0.00376   0.00750   0.01124   0.01495
  15.000  -0.01495  -0.01124  -0.00750  -0.00376   0.00000   0.00376   0.00750   0.01124   0.01495
  17.500  -0.01495  -0.01124  -0.00750  -0.00376  -0.00000   0.00376   0.00750   0.01124   0.01495
  20.000  -0.01495  -0.01124  -0.00750  -0.00376   0.00000   0.00376   0.00750   0.01124   0.01495
  22.500  -0.01495  -0.01124  -0.00750  -0.00376  -0.00000   0.00376   0.00750   0.01124   0.01495
  25.000  -0.01495  -0.01124  -0.00750  -0.00376  -0.00000   0.00376   0.00750   0.01124   0.01495
  27.500  -0.01495  -0.01124  -0.00750  -0.00376   0.00000   0.00376   0.00750   0.01124   0.01495
  30.000  -0.01495  -0.01124  -0.00750  -0.00376   0.00000   0.00376   0.00750   0.01124   0.01495
  32.500  -0.01495  -0.01124  -0.00750  -0.00376  -0.00000   0.00376   0.00750   0.01124   0.01495
  35.000  -0.01495  -0.01124  -0.00750  -0.00376  -0.00000   0.00376   0.00750   0.01124   0.01495
